0 495198 507698
4 258097 264764
0 260347 272847
4 422812 429479
4 482473 489140
2 303406 316226
1 483049 494954
4 291999 298666
2 255104 267925
1 295465 307370
4 310074 316740
4 318892 325558
4 528061 534728
1 434115 446020
2 304238 317059
4 347773 354440
4 532160 538827
4 262790 269456
4 513568 520235
2 276639 289459
4 422318 428985
1 298573 310478
4 339501 346168
2 457722 470543
3 397141 403391
2 424463 437284
2 462355 475175
0 404417 416917
0 415057 427557
0 444987 457487
4 347874 354541
3 385998 392248
0 287653 300153
2 274148 286968
0 374700 387200
1 315683 327588
2 267768 280589
4 422446 429113
2 330905 343726
4 299872 306539
2 435540 448361
4 541541 548208
2 458920 471740
4 310670 317336
1 372431 384336
4 410235 416901
1 354394 366299
1 437946 449851
0 379653 392153
4 261292 267959
0 376974 389474
3 384152 390402
4 270925 277592
4 261913 268579
4 468454 475121
4 449166 455833
2 291134 303955
4 541038 547705
2 370107 382928
0 282364 294864
1 482443 494348
0 380101 392601
4 464196 470862
2 454537 467358
