   0 | 0 0 3 0 0 | odo0 [0,4,7]
   1 | 0 0 3 0 0 | odo0 [0,4,7]
   2 | 0 0 3 0 0 | odo0 [0,4,7]
   3 | 0 0 3 0 0 | odo0 [0,4,7]
   4 | 0 0 3 0 0 | odo0 [0,4,7]
   5 | 0 0 3 0 0 | odo0 [0,4,7]
   6 | 0 0 3 0 0 | odo0 [0,4,7]
   7 | 0 0 3 0 0 | odo0 [0,4,7]
   8 | 0 0 3 0 1 | odo0 [0,4,7]
   9 | 0 0 3 0 1 | odo0 [0,4,7]
  10 | 0 0 3 0 1 | odo0 [0,4,7]
  11 | 0 0 3 0 1 | odo0 [0,4,7]
  12 | 0 0 3 0 1 | odo0 [0,4,7]
  13 | 0 0 3 0 1 | odo0 [0,4,7]
  14 | 0 0 3 0 1 | odo0 [0,4,7]
  15 | 0 0 3 0 1 | odo0 [0,4,7]
  16 | 0 0 3 1 1 | odo1 [4,7,11]
  17 | 0 0 3 1 1 | odo1 [4,7,11]
  18 | 0 0 3 1 1 | odo1 [4,7,11]
  19 | 0 0 3 1 1 | odo1 [4,7,11]
  20 | 0 0 3 1 1 | odo1 [4,7,11]
  21 | 0 0 3 1 1 | odo1 [4,7,11]
  22 | 0 0 3 1 1 | odo1 [4,7,11]
  23 | 0 0 3 1 1 | odo1 [4,7,11]
  24 | 0 0 3 1 2 | odo1 [4,7,11]
  25 | 0 0 3 1 2 | odo1 [4,7,11]
  26 | 0 0 3 1 2 | odo1 [4,7,11]
  27 | 0 0 3 1 2 | odo1 [4,7,11]
  28 | 0 0 3 1 2 | odo1 [4,7,11]
  29 | 0 0 3 1 2 | odo1 [4,7,11]
  30 | 0 0 3 1 2 | odo1 [4,7,11]
  31 | 0 0 3 1 2 | odo1 [4,7,11]
  32 | 1 2 3 2 2 | odo2 [9,0,4]
  33 | 1 2 3 2 2 | odo2 [9,0,4]
  34 | 1 2 3 2 2 | odo2 [9,0,4]
  35 | 1 2 3 2 2 | odo2 [9,0,4]
  36 | 1 2 3 2 2 | odo2 [9,0,4]
  37 | 1 2 3 2 2 | odo2 [9,0,4]
  38 | 1 2 3 2 2 | odo2 [9,0,4]
  39 | 1 2 3 2 2 | odo2 [9,0,4]
  40 | 1 2 3 2 3 | odo2 [9,0,4]
  41 | 1 2 3 2 3 | odo2 [9,0,4]
  42 | 1 2 3 2 3 | odo2 [9,0,4]
  43 | 1 2 3 2 3 | odo2 [9,0,4]
  44 | 1 2 3 2 3 | odo2 [9,0,4]
  45 | 1 2 3 2 3 | odo2 [9,0,4]
  46 | 1 2 3 2 3 | odo2 [9,0,4]
  47 | 1 2 3 2 3 | odo2 [9,0,4]
  48 | 1 3 3 3 3 | odo3 [11,2,6]
  49 | 1 3 3 3 3 | odo3 [11,2,6]
  50 | 1 3 3 3 3 | odo3 [11,2,6]
  51 | 1 3 3 3 3 | odo3 [11,2,6]
  52 | 1 3 3 3 3 | odo3 [11,2,6]
  53 | 1 3 3 3 3 | odo3 [11,2,6]
  54 | 1 3 3 3 3 | odo3 [11,2,6]
  55 | 1 3 3 3 3 | odo3 [11,2,6]
  56 | 1 3 3 3 0 | odo3 [11,2,6]
  57 | 1 3 3 3 0 | odo3 [11,2,6]
  58 | 1 3 3 3 0 | odo3 [11,2,6]
  59 | 1 3 3 3 0 | odo3 [11,2,6]
  60 | 1 3 3 3 0 | odo3 [11,2,6]
  61 | 1 3 3 3 0 | odo3 [11,2,6]
  62 | 1 3 3 3 0 | odo3 [11,2,6]
  63 | 1 3 3 3 0 | odo3 [11,2,6]
  64 | 2 0 3 0 0 | odo0 [0,4,7]
  65 | 2 0 3 0 0 | odo0 [0,4,7]
  66 | 2 0 3 0 0 | odo0 [0,4,7]
  67 | 2 0 3 0 0 | odo0 [0,4,7]
  68 | 2 0 3 0 0 | odo0 [0,4,7]
  69 | 2 0 3 0 0 | odo0 [0,4,7]
  70 | 2 0 3 0 0 | odo0 [0,4,7]
  71 | 2 0 3 0 0 | odo0 [0,4,7]
  72 | 2 0 3 0 1 | odo0 [0,4,7]
  73 | 2 0 3 0 1 | odo0 [0,4,7]
  74 | 2 0 3 0 1 | odo0 [0,4,7]
  75 | 2 0 3 0 1 | odo0 [0,4,7]
  76 | 2 0 3 0 1 | odo0 [0,4,7]
  77 | 2 0 3 0 1 | odo0 [0,4,7]
  78 | 2 0 3 0 1 | odo0 [0,4,7]
  79 | 2 0 3 0 1 | odo0 [0,4,7]
  80 | 2 0 3 1 1 | odo1 [4,7,11]
  81 | 2 0 3 1 1 | odo1 [4,7,11]
  82 | 2 0 3 1 1 | odo1 [4,7,11]
  83 | 2 0 3 1 1 | odo1 [4,7,11]
  84 | 2 0 3 1 1 | odo1 [4,7,11]
  85 | 2 0 3 1 1 | odo1 [4,7,11]
  86 | 2 0 3 1 1 | odo1 [4,7,11]
  87 | 2 0 3 1 1 | odo1 [4,7,11]
  88 | 2 0 3 1 2 | odo1 [4,7,11]
  89 | 2 0 3 1 2 | odo1 [4,7,11]
  90 | 2 0 3 1 2 | odo1 [4,7,11]
  91 | 2 0 3 1 2 | odo1 [4,7,11]
  92 | 2 0 3 1 2 | odo1 [4,7,11]
  93 | 2 0 3 1 2 | odo1 [4,7,11]
  94 | 2 0 3 1 2 | odo1 [4,7,11]
  95 | 2 0 3 1 2 | odo1 [4,7,11]
  96 | 3 2 3 2 2 | odo2 [9,0,4]
  97 | 3 2 3 2 2 | odo2 [9,0,4]
  98 | 3 2 3 2 2 | odo2 [9,0,4]
  99 | 3 2 3 2 2 | odo2 [9,0,4]
 100 | 3 2 3 2 2 | odo2 [9,0,4]
 101 | 3 2 3 2 2 | odo2 [9,0,4]
 102 | 3 2 3 2 2 | odo2 [9,0,4]
 103 | 3 2 3 2 2 | odo2 [9,0,4]
 104 | 3 2 3 2 3 | odo2 [9,0,4]
 105 | 3 2 3 2 3 | odo2 [9,0,4]
 106 | 3 2 3 2 3 | odo2 [9,0,4]
 107 | 3 2 3 2 3 | odo2 [9,0,4]
 108 | 3 2 3 2 3 | odo2 [9,0,4]
 109 | 3 2 3 2 3 | odo2 [9,0,4]
 110 | 3 2 3 2 3 | odo2 [9,0,4]
 111 | 3 2 3 2 3 | odo2 [9,0,4]
 112 | 3 3 3 3 3 | odo3 [11,2,6]
 113 | 3 3 3 3 3 | odo3 [11,2,6]
 114 | 3 3 3 3 3 | odo3 [11,2,6]
 115 | 3 3 3 3 3 | odo3 [11,2,6]
 116 | 3 3 3 3 3 | odo3 [11,2,6]
 117 | 3 3 3 3 3 | odo3 [11,2,6]
 118 | 3 3 3 3 3 | odo3 [11,2,6]
 119 | 3 3 3 3 3 | odo3 [11,2,6]
 120 | 3 3 3 3 0 | odo3 [11,2,6]
 121 | 3 3 3 3 0 | odo3 [11,2,6]
 122 | 3 3 3 3 0 | odo3 [11,2,6]
 123 | 3 3 3 3 0 | odo3 [11,2,6]
 124 | 3 3 3 3 0 | odo3 [11,2,6]
 125 | 3 3 3 3 0 | odo3 [11,2,6]
 126 | 3 3 3 3 0 | odo3 [11,2,6]
 127 | 3 3 3 3 0 | odo3 [11,2,6]